City_ID,City,Lat,Lng,Max Temp,Humidity,Cloudiness,Wind Speed,Country,Date
0,port mathurin,-19.6833,63.4167,72.81,77,66,18.03,MU,1695849255
1,adamstown,-25.066,-130.1015,69.73,64,96,7.38,PN,1695849255
2,murgab,37.4966,61.9714,65.61,27,39,8.12,TM,1695849256
3,port-aux-francais,-49.35,70.2167,35.22,69,70,30.58,TF,1695849256
4,luganville,-15.5333,167.1667,76.03,75,97,12.33,VU,1695849256
5,hermanus,-34.4187,19.2345,54.54,85,0,13.73,ZA,1695849256
6,tura,25.5198,90.2201,74.12,91,7,3.89,IN,1695849257
7,margaret river,-33.95,115.0667,59.47,85,11,12.19,AU,1695849257
8,edinburgh of the seven seas,-37.0676,-12.3116,53.26,65,41,29.66,SH,1695849257
9,blackmans bay,-43.0167,147.3167,55.53,69,55,5.64,AU,1695849257
10,whitehorse,60.7161,-135.0538,47.17,94,100,2.3,CA,1695849349
11,dhidhdhoo,6.8833,73.1,82.0,79,100,17.78,MV,1695849430
12,sao vicente,-23.9631,-46.3919,80.78,94,20,2.3,BR,1695849368
13,constitucion,-35.3333,-72.4167,56.91,65,33,16.62,CL,1695849430
14,invercargill,-46.4,168.35,49.01,90,76,3.0,NZ,1695849431
15,tolanaro,-25.0319,46.9987,71.33,82,30,18.21,MG,1695849431
16,yellowknife,62.456,-114.3525,51.42,95,100,9.22,CA,1695849382
17,ketchikan,55.3422,-131.6461,54.07,94,75,11.5,US,1695849431
18,zhalantun,48.0,122.7167,52.72,66,98,16.53,CN,1695849432
19,mogadishu,2.0371,45.3438,78.53,89,2,15.26,SO,1695849432
20,grand falls-windsor,48.9332,-55.6649,58.5,78,2,8.39,CA,1695849432
21,sansepolcro,43.5747,12.143,66.88,75,12,5.82,IT,1695849432
22,petropavlovsk-kamchatsky,53.0452,158.6483,32.59,86,0,8.95,RU,1695849359
23,happy valley-goose bay,53.3168,-60.3315,62.91,55,75,12.66,CA,1695849311
24,waitangi,-43.9535,-176.5597,52.83,97,95,10.0,NZ,1695849433
25,sorsk,54.0033,90.2467,34.97,86,18,3.38,RU,1695849433
26,atafu village,-8.5421,-172.5159,82.98,78,39,10.18,TK,1695849433
27,bilibino,68.0546,166.4372,31.86,98,100,7.02,RU,1695849433
28,okakarara,-20.5833,17.4333,62.42,15,0,4.59,NA,1695849434
29,alindao,5.0267,21.2088,69.39,97,99,2.75,CF,1695849434
30,thames,-37.1333,175.5333,55.42,86,17,11.97,NZ,1695849434
31,nemuro,43.3236,145.575,62.1,84,100,10.51,JP,1695849434
32,puerto ayora,-0.7393,-90.3518,82.36,87,79,11.01,EC,1695849435
33,jamestown,42.097,-79.2353,67.59,35,100,12.66,US,1695849435
34,ilulissat,69.2167,-51.1,35.62,60,75,13.8,GL,1695849435
35,puerto santa,-8.9906,-78.6456,68.77,78,37,12.33,PE,1695849435
36,ambon,-3.6954,128.1814,81.88,95,40,8.05,ID,1695849436
37,wailua homesteads,22.0669,-159.378,81.39,69,40,13.8,US,1695849436
38,iskateley,67.6803,53.1512,48.22,93,97,14.94,RU,1695849436
39,priargunsk,50.3691,119.1012,47.75,73,100,7.74,RU,1695849436
40,bac lieu,9.285,105.7244,79.12,86,100,8.32,VN,1695849437
41,port elizabeth,-33.918,25.5701,55.69,85,75,3.44,ZA,1695849437
42,zhangjiakou,40.81,114.8794,51.51,27,0,3.31,CN,1695849437
43,kokopo,-4.352,152.2633,75.87,91,100,4.99,PG,1695849437
44,kamuli,0.9472,33.1197,64.87,96,88,2.55,UG,1695849438
45,sao miguel do araguaia,-13.275,-50.1628,90.88,39,90,7.29,BR,1695849438
46,brookings,44.3114,-96.7984,70.18,70,100,11.5,US,1695849239
47,tadine,-21.55,167.8833,69.08,55,41,13.49,NC,1695849438
48,lata,40.1629,-8.3327,66.07,90,65,1.74,PT,1695849439
49,bull savanna,17.8868,-77.5902,83.84,75,78,7.63,JM,1695849439
50,talnakh,69.4865,88.3972,25.54,88,46,4.27,RU,1695849439
51,punta arenas,-53.15,-70.9167,41.11,56,0,6.91,CL,1695849439
52,ushuaia,-54.8,-68.3,42.46,45,0,14.97,AR,1695849440
53,tiksi,71.6872,128.8694,28.36,89,100,6.29,RU,1695849440
54,kulhudhuffushi,6.6221,73.07,81.45,79,100,17.87,MV,1695849440
55,sarupathar,26.1984,93.8094,75.74,94,3,0.47,IN,1695849440
56,ocher,57.8904,54.7202,51.66,77,94,6.71,RU,1695849441
57,torghay,49.6339,63.4981,57.09,53,98,5.7,KZ,1695849441
58,dudinka,69.4058,86.1778,28.18,81,17,7.78,RU,1695849441
59,bethel,41.3712,-73.414,68.36,63,0,9.22,US,1695849441
60,vasa,22.6667,72.7333,80.89,84,100,1.23,IN,1695849441
61,thompson,55.7435,-97.8558,69.96,56,75,14.97,CA,1695849442
62,puerto natales,-51.7236,-72.4875,38.25,81,96,4.36,CL,1695849442
63,talara,-4.5772,-81.2719,75.96,69,0,20.24,PE,1695849351
64,san antonio,29.4241,-98.4936,97.14,34,75,6.91,US,1695849266
65,longyearbyen,78.2186,15.6401,19.24,68,20,8.05,SJ,1695849442
66,riedlingen,48.1545,9.4756,58.87,84,24,3.18,DE,1695849443
67,milan,45.4643,9.1895,71.49,71,0,4.61,IT,1695849178
68,motygino,58.1831,94.7592,36.82,94,10,3.24,RU,1695849443
69,tikhvin,59.6451,33.5294,56.21,76,76,7.34,RU,1695849443
70,olhao,37.0286,-7.8411,74.28,61,0,11.5,PT,1695849444
71,nabire,-3.3667,135.4833,75.94,93,96,4.27,ID,1695849444
72,rongelap,11.1635,166.8941,80.26,80,100,4.38,MH,1695849444
73,olonkinbyen,70.9221,-8.7187,37.99,97,100,23.64,SJ,1695849445
74,albany,42.6001,-73.9662,68.88,59,100,1.99,US,1695849415
75,lillestrom,59.956,11.0492,56.64,99,93,1.01,NO,1695849445
76,forster,-32.1667,152.5167,62.38,100,89,8.3,AU,1695849445
77,itamaraca,-7.7478,-34.8256,80.65,75,98,8.41,BR,1695849445
78,west island,-12.1568,96.8225,76.98,83,40,11.5,CC,1695849446
79,charlottetown,46.2352,-63.1267,57.72,84,100,2.3,CA,1695849446
80,howrah,22.5892,88.3103,84.2,89,40,4.61,IN,1695849446
81,isafjordur,66.0755,-23.124,39.54,97,100,12.17,IS,1695849446
82,udachny,66.4167,112.4,35.46,86,75,14.97,RU,1695849447
83,iqaluit,63.7506,-68.5145,37.13,74,75,25.01,CA,1695849447
84,pubal,37.2917,127.5078,69.24,100,100,1.14,KR,1695849447
85,laojunmiao,39.8333,97.7333,47.39,38,69,3.56,CN,1695849447
86,carolina beach,34.0352,-77.8936,73.08,78,100,1.01,US,1695849403
87,madanapalle,13.55,78.5,73.83,82,98,4.83,IN,1695849448
88,reggane,26.7158,0.1714,97.54,12,88,8.23,DZ,1695849448
89,grytviken,-54.2811,-36.5092,32.36,80,4,9.51,GS,1695849448
90,badger,64.8,-147.5333,37.98,80,100,1.01,US,1695849448
91,bredasdorp,-34.5322,20.0403,51.64,91,0,6.35,ZA,1695849449
92,college,64.8569,-147.8028,38.07,77,100,0.0,US,1695849449
93,gulf shores,30.246,-87.7008,82.45,69,100,9.22,US,1695849449
94,ribeira grande,38.5167,-28.7,72.0,94,75,17.27,PT,1695849449
95,fort bragg,35.139,-79.006,68.14,75,100,12.66,US,1695849430
96,papatowai,-46.5619,169.4708,49.42,76,100,14.7,NZ,1695849450
97,chui,-33.6971,-53.4616,53.96,84,83,10.13,UY,1695849450
98,la passe,45.5549,-0.8967,66.97,86,100,6.53,FR,1695849450
99,ocara,-4.4908,-38.5967,79.11,58,4,11.23,BR,1695849450
100,ambovombe,-25.1667,46.0833,71.31,72,67,7.99,MG,1695849451
101,fortuna,40.5982,-124.1573,66.92,78,75,13.8,US,1695849451
102,vorgashor,67.5833,63.95,32.22,84,100,2.68,RU,1695849451
103,pernio,60.2,23.1333,61.9,96,29,7.7,FI,1695849452
104,st. john's,47.5649,-52.7093,50.27,82,100,8.05,CA,1695849291
105,hasaki,35.7333,140.8333,75.29,88,75,3.98,JP,1695849452
106,ancud,-41.8697,-73.8203,48.79,79,44,18.3,CL,1695849427
107,sechura,-5.5569,-80.8222,78.53,56,8,17.67,PE,1695849452
108,ebon,4.582,168.6964,83.8,71,100,8.28,MH,1695849452
109,salalah,17.0151,54.0924,80.69,83,20,1.14,OM,1695849453
110,camacupa,-12.0167,17.4833,68.94,62,8,4.68,AO,1695849453
111,la'ie,21.6477,-157.9253,85.96,81,58,8.01,US,1695849453
112,sept-iles,50.2001,-66.3821,68.0,56,100,11.5,CA,1695849454
113,vallenar,-28.5708,-70.7581,66.6,32,0,8.28,CL,1695849384
114,papao,-17.75,-149.55,82.08,84,0,17.47,PF,1695849454
115,lodwar,3.1191,35.5973,88.23,35,3,17.52,KE,1695849454
116,san juan de miraflores,-12.1629,-76.9635,68.52,80,89,7.09,PE,1695849454
117,hadibu,12.65,54.0333,80.2,80,55,8.48,YE,1695849455
118,inongo,-1.95,18.2667,72.72,92,100,3.91,CD,1695849455
119,cunha,-23.0744,-44.9597,72.34,83,66,4.54,BR,1695849455
120,ulladulla,-35.35,150.4667,58.35,90,99,2.82,AU,1695849455
121,mil'kovo,55.6078,37.7956,54.05,68,50,2.86,RU,1695849456
122,utrik,11.2278,169.8474,83.39,76,98,12.93,MH,1695849456
123,polyarnyy,69.1989,33.4478,47.37,94,100,6.38,RU,1695849456
124,kodiak,57.79,-152.4072,51.31,40,0,14.97,US,1695849447
125,chonchi,-42.6128,-73.8092,53.11,83,39,8.48,CL,1695849456
126,aasiaat,68.7098,-52.8699,32.18,70,100,1.28,GL,1695849457
127,orsa,54.5153,30.4053,54.93,63,12,7.09,BY,1695849213
128,gaigeturi,33.4644,126.3183,73.45,88,100,1.14,KR,1695849457
129,mount pearl,47.5166,-52.7813,49.44,82,100,8.05,CA,1695849457
130,peniche,39.3558,-9.3811,68.07,92,23,6.89,PT,1695849457
131,qaqortoq,60.7167,-46.0333,35.33,91,100,14.38,GL,1695849458
132,arraias,-12.9288,-46.9437,85.03,43,93,1.99,BR,1695849458
133,diebougou,10.9667,-3.25,82.13,69,62,2.21,BF,1695849458
134,el granada,37.5027,-122.4694,82.6,62,0,17.27,US,1695849458
135,san antonio de pale,-1.4014,5.6325,76.5,85,25,10.16,GQ,1695849459
136,weno,7.4515,151.8468,80.55,94,100,5.75,FM,1695849459
137,hawaiian paradise park,19.5933,-154.9731,80.11,80,100,5.75,US,1695849459
138,klaksvik,62.2266,-6.589,50.92,94,100,15.19,FO,1695849459
139,afaahiti,-17.75,-149.2833,80.47,85,1,12.95,PF,1695849460
140,tommot,58.9564,126.2925,42.6,88,76,0.96,RU,1695849460
141,bati,11.1833,40.0167,66.81,71,79,6.4,ET,1695849460
142,kruisfontein,-34.0033,24.7314,50.88,81,5,3.74,ZA,1695849460
143,gadzhiyevo,69.2551,33.3362,46.49,94,100,7.87,RU,1695849461
144,rio grande,-32.035,-52.0986,59.11,78,19,15.9,BR,1695849443
145,komsomolets,53.7453,62.0708,51.94,66,100,5.68,KZ,1695849461
146,barcelos,41.5388,-8.6151,68.85,95,97,1.43,PT,1695849461
147,carora,10.1755,-70.0827,94.82,33,17,6.49,VE,1695849347
148,agaie,9.0167,6.3167,78.73,88,100,2.15,NG,1695849462
149,avarua,-21.2078,-159.775,75.25,83,75,11.5,CK,1695849184
150,nawabganj,24.5911,88.271,83.57,77,88,0.45,BD,1695849462
151,port hedland,-20.3167,118.5667,71.65,68,9,6.91,AU,1695849462
152,nantucket,41.2835,-70.0995,62.74,73,0,18.41,US,1695849194
153,tipasa,36.5897,2.4475,70.77,77,0,5.75,DZ,1695849463
154,uthal,25.8072,66.6219,81.61,64,2,3.91,PK,1695849463
155,campos belos,-13.0367,-46.7717,84.63,45,74,2.53,BR,1695849463
156,port douglas,-16.4833,145.4667,72.64,71,69,15.66,AU,1695849463
157,natal,-5.795,-35.2094,79.02,78,20,6.91,BR,1695849332
158,severodvinsk,64.5635,39.8302,51.64,91,100,8.01,RU,1695849464
159,ayr,55.4627,-4.6339,59.31,88,75,20.71,GB,1695849464
160,taro,-8.3862,115.28,71.6,91,86,2.98,ID,1695849464
161,tamanrasset,22.785,5.5228,84.11,12,40,6.91,DZ,1695849464
162,malabar,-33.9667,151.25,61.65,88,75,6.91,AU,1695849465
163,laguna,38.421,-121.4238,86.29,38,0,9.22,US,1695849465
164,port saint john's,-31.6229,29.5448,63.99,63,98,10.47,ZA,1695849465
165,belozersk,60.0326,37.7957,51.31,86,99,8.32,RU,1695849465
166,vila do maio,15.1333,-23.2167,81.39,79,86,16.08,CV,1695849466
167,lompoc,34.6391,-120.4579,88.79,51,0,7.0,US,1695849466
168,abepura,-2.6333,140.5833,76.01,88,40,0.0,ID,1695849466
169,seven pagodas,12.6264,80.1722,79.05,77,69,14.94,IN,1695849466
170,bamor kalan,24.9,78.15,78.1,70,3,0.81,IN,1695849466
171,kapoeta,4.7717,33.5903,78.58,64,50,6.02,SS,1695849466
172,salinopolis,-0.6136,-47.3561,81.39,75,13,14.34,BR,1695849467
173,el gouna,27.3942,33.6782,85.73,30,5,4.63,EG,1695849467
174,port lincoln,-34.7333,135.8667,54.73,79,0,6.15,AU,1695849467
175,thunder bay,48.4001,-89.3168,66.11,63,20,14.97,CA,1695849467
176,tshela,-4.9833,12.9333,74.12,87,6,3.06,CD,1695849467
177,bengkulu,-3.8004,102.2655,72.1,94,24,5.03,ID,1695849468
178,hithadhoo,-0.6,73.0833,80.56,78,97,6.11,MV,1695849468
179,concesio,45.6052,10.217,69.08,80,0,4.61,IT,1695849468
180,kailua-kona,19.6406,-155.9956,85.28,74,20,10.36,US,1695849186
181,kapa'a,22.0752,-159.319,82.72,68,40,13.8,US,1695849468
182,fale old settlement,-9.3852,-171.2468,82.65,79,31,15.7,TK,1695849469
183,bakchar,57.0186,82.0711,44.62,98,100,3.69,RU,1695849469
184,shiprock,36.7855,-108.687,87.21,11,0,1.66,US,1695849469
185,sola,-13.8833,167.55,77.67,83,100,9.22,VU,1695849469
186,bonthe,7.5264,-12.505,79.16,88,92,6.89,SL,1695849469
187,shingu,33.7333,135.9833,73.71,90,3,5.3,JP,1695849470
188,walvis bay,-22.9575,14.5053,55.09,58,0,11.14,NA,1695849470
189,mount gambier,-37.8333,140.7667,46.92,96,24,4.63,AU,1695849470
190,jordan,31.0,36.0,73.74,33,2,5.68,JO,1695849470
191,caleta de carquin,-11.0925,-77.6267,68.47,77,48,12.71,PE,1695849470
192,acarau,-2.8856,-40.12,79.86,70,10,18.9,BR,1695849268
193,anadyr,64.75,177.4833,41.5,86,75,8.95,RU,1695849471
194,chisec,15.8167,-90.2833,89.83,79,93,1.72,GT,1695849471
195,akureyri,65.6835,-18.0878,42.73,81,100,6.91,IS,1695849471
196,koubia,11.5833,-11.9,71.24,93,100,1.59,GN,1695849471
197,duncan,34.5023,-97.9578,96.69,27,0,8.05,US,1695849472
198,katsuura,35.1333,140.3,74.89,91,18,6.91,JP,1695849472
199,elko,41.0002,-115.5012,72.16,22,40,17.0,US,1695849472
200,lihue,21.9789,-159.3672,81.99,68,40,13.8,US,1695849203
201,suoyarvi,62.0833,32.35,53.42,89,95,9.44,RU,1695849472
202,bihac,44.8169,15.8708,56.88,83,0,2.19,BA,1695849473
203,chulakkurgan,43.765,69.1814,59.31,43,0,1.86,KZ,1695849473
204,harstad,68.799,16.5293,52.99,88,100,14.0,NO,1695849473
205,novodvinsk,64.4165,40.8122,51.1,94,100,6.4,RU,1695849473
206,mount isa,-20.7333,139.5,58.77,55,1,0.0,AU,1695849473
207,dapa,9.7594,126.0531,81.16,81,100,11.12,PH,1695849474
208,arteche,12.2645,125.4048,76.57,91,98,4.65,PH,1695849474
209,ngorongoro,-3.2397,35.4875,55.74,69,8,7.02,TZ,1695849474
210,benghazi,32.1167,20.0667,75.56,71,11,9.95,LY,1695849474
211,vadso,70.0744,29.7487,47.28,87,75,14.97,NO,1695849475
212,adrar,20.5022,-10.0711,97.03,12,79,10.36,MR,1695849475
213,ust-nera,64.5667,143.2,38.05,96,100,8.08,RU,1695849475
214,keflavik,64.0049,-22.5624,50.43,93,75,8.05,IS,1695849475
215,barra de santo antonio,-9.4047,-35.5072,78.08,78,52,11.68,BR,1695849475
216,kirando,-7.4167,30.6,79.45,55,77,2.95,TZ,1695849475
217,sisimiut,66.9395,-53.6735,37.36,93,100,6.49,GL,1695849476
218,stanley,54.868,-1.6985,60.82,85,40,12.66,GB,1695849476
219,cabo san lucas,22.8909,-109.9124,97.61,69,0,9.22,MX,1695849466
220,gornji petrovci,46.8053,16.2225,57.88,65,0,2.84,SI,1695849476
221,egilsstadir,65.2653,-14.3948,40.91,93,75,8.05,IS,1695849476
222,ampanihy,-24.7,44.75,69.3,62,85,2.66,MG,1695849477
223,devavanya,47.0333,20.9667,66.96,40,0,4.99,HU,1695849477
224,olean,42.0776,-78.4297,67.66,31,75,8.05,US,1695849477
225,katpur,21.05,71.7833,79.09,87,87,5.17,IN,1695849477
226,lorengau,-2.0226,147.2712,80.24,86,100,9.42,PG,1695849478
227,tayzhina,53.6679,87.4362,37.56,86,90,2.89,RU,1695849478
228,vrangel',42.7297,133.0839,61.9,86,98,5.55,RU,1695849478
229,motueka,-41.1333,173.0167,53.51,59,100,2.89,NZ,1695849478
230,codrington,-38.2667,141.9667,46.2,97,24,8.01,AU,1695849478
231,san luis de la loma,17.2706,-100.8939,86.95,72,21,6.44,MX,1695849479
232,ivdel',60.6911,60.4206,48.51,81,48,8.21,RU,1695849479
233,klyuchi,52.2667,79.1667,51.19,53,100,8.99,RU,1695849479
234,saipan,15.1355,145.701,83.1,83,40,8.05,MP,1695849479
235,hammerfest,70.6634,23.6821,50.45,81,75,10.36,NO,1695849479
236,haiku-pauwela,20.9219,-156.3051,84.22,48,40,20.71,US,1695849480
237,nar'yan-mar,67.6713,53.087,48.31,93,96,14.94,RU,1695849480
238,yei,4.095,30.6779,66.25,93,100,3.56,SS,1695849480
239,panaba,21.2833,-88.2667,87.49,60,100,10.94,MX,1695849480
240,ponta delgada,37.7333,-25.6667,74.12,94,75,11.5,PT,1695849480
241,soio,-6.1349,12.3689,75.33,82,81,7.7,AO,1695849481
242,mao,39.8885,4.2658,68.56,88,0,3.44,ES,1695849194
243,santa ines,-3.6667,-45.38,86.34,53,85,3.36,BR,1695849481
244,cold lake,54.4502,-110.2017,66.15,48,20,6.91,CA,1695849481
245,enewetak,11.3474,162.3373,82.53,80,98,14.03,MH,1695849481
246,linhares,-19.3911,-40.0722,79.99,70,5,12.37,BR,1695849482
247,tazovsky,67.4667,78.7,32.49,99,100,11.23,RU,1695849482
248,flying fish cove,-10.4217,105.6791,74.88,88,75,11.5,CX,1695849482
249,remire-montjoly,4.9167,-52.2667,86.04,74,0,8.05,GF,1695849483
250,chinde,26.8418,88.0763,68.31,83,2,4.47,NP,1695849483
251,harper,4.375,-7.7169,77.77,90,35,9.26,LR,1695849483
252,mazagao,-0.115,-51.2894,89.65,60,18,8.16,BR,1695849484
253,fruitland,38.3221,-75.6202,67.93,70,75,17.27,US,1695849484
254,ashburton,-37.8626,145.0794,54.25,84,18,4.29,AU,1695849484
255,talpa de allende,20.3833,-104.8167,80.33,71,69,3.09,MX,1695849305
256,tazacorte,28.629,-17.9293,74.37,87,0,5.75,ES,1695849485
257,luderitz,-26.6481,15.1594,72.28,32,0,9.24,NA,1695849485
258,kargopol',61.5071,38.9456,51.44,94,100,5.7,RU,1695849485
259,ellettsville,39.2339,-86.625,75.76,66,100,9.22,US,1695849416
260,east ballina,-28.8667,153.5833,67.8,85,81,7.56,AU,1695849486
261,tomatlan,19.9333,-105.25,89.51,66,82,8.52,MX,1695849486
262,kokomo,40.4864,-86.1336,69.21,89,100,9.22,US,1695849460
263,oriximina,-1.7656,-55.8661,97.18,31,10,3.53,BR,1695849486
264,at taj,24.2049,23.2857,83.21,15,2,11.92,LY,1695849486
265,georgetown,5.4112,100.3354,81.01,94,20,2.3,MY,1695849340
266,qui nhon,13.7667,109.2333,78.94,83,98,6.26,VN,1695849232
267,guiuan,11.0333,125.7247,82.56,76,100,7.72,PH,1695849487
268,callao,-12.0667,-77.15,70.09,68,20,11.5,PE,1695849487
269,pandan,14.0453,124.1694,79.47,86,65,3.47,PH,1695849487
270,souillac,-20.5167,57.5167,73.78,78,40,10.36,MU,1695849488
271,kerikeri,-35.2268,173.9474,56.91,92,13,5.01,NZ,1695849488
272,san ignacio,17.1561,-89.0714,91.54,62,20,4.61,BZ,1695849488
273,isla vista,34.4133,-119.861,89.01,53,0,5.93,US,1695849488
274,podporozh'ye,60.9112,34.1706,56.05,73,100,8.25,RU,1695849489
275,port alfred,-33.5906,26.891,55.18,94,100,4.0,ZA,1695849489
276,grantsville,40.5999,-112.4644,88.74,24,0,12.66,US,1695849489
277,kapuskasing,49.4169,-82.4331,68.0,40,0,9.22,CA,1695849489
278,dongcun,36.7767,121.1597,64.02,85,1,5.59,CN,1695849489
279,trairi,-3.2778,-39.2689,79.12,68,2,11.95,BR,1695849219
280,smithers,54.7804,-127.1743,58.64,54,100,2.24,CA,1695849490
281,geraldton,-28.7667,114.6,64.81,82,40,3.44,AU,1695849490
282,choyr,46.3611,108.3611,39.67,64,10,4.83,MN,1695849490
283,taroa,8.7058,171.2275,82.44,79,77,9.91,MH,1695849490
284,constantia,44.1833,28.65,65.08,70,37,15.05,RO,1695849491
285,boguchany,58.3814,97.4531,39.07,86,18,2.98,RU,1695849491
286,konarka,19.9,86.1167,81.0,81,100,6.91,IN,1695849491
287,usinsk,65.9939,57.5281,39.31,91,29,10.4,RU,1695849492
288,kosikha,53.3617,84.5822,41.07,83,84,5.23,RU,1695849492
289,kavarna,43.4333,28.3333,69.08,84,17,10.71,BG,1695849492
290,arawa,-6.2132,155.5367,76.89,94,100,2.86,PG,1695849492
291,miri,4.4148,114.0089,77.54,86,34,3.85,MY,1695849493
292,goure,13.9835,10.2704,90.88,18,10,1.9,NE,1695849493
293,masuda,34.6667,131.85,72.84,91,43,8.01,JP,1695849493
294,tezu,27.9167,96.1667,76.42,76,7,2.98,IN,1695849493
295,gobabis,-22.45,18.9667,58.35,22,0,9.95,NA,1695849493
296,karasburg,-28.0167,18.75,59.83,27,0,10.4,NA,1695849494
297,novaya igirma,57.1334,103.9112,40.95,79,100,0.87,RU,1695849494
298,zavodskoy,43.4597,132.2922,62.19,100,75,4.47,RU,1695849494
299,sierra grande,-41.606,-65.3557,64.78,27,100,16.13,AR,1695849494
300,phayakkhaphum phisai,15.5163,103.1937,79.41,96,100,5.1,TH,1695849495
301,sitka,57.0531,-135.33,55.29,88,100,11.5,US,1695849495
302,grinnell,41.743,-92.7224,75.18,59,40,8.05,US,1695849495
303,touros,-5.1989,-35.4608,77.13,73,7,10.45,BR,1695849432
304,bikenibeu village,1.3673,173.1241,87.76,70,40,2.3,KI,1695849495
305,new norfolk,-42.7826,147.0587,56.71,82,89,4.21,AU,1695849496
306,san patricio,28.017,-97.5169,95.72,40,95,12.1,US,1695849496
307,nadi,-17.8,177.4167,80.6,74,20,5.75,FJ,1695849496
308,santa rosalia,27.3167,-112.2833,90.88,45,71,6.15,MX,1695849325
309,broken hill,-31.95,141.4333,49.46,63,0,10.71,AU,1695849496
310,tinajo,29.0788,-13.7081,72.48,73,20,9.22,ES,1695849497
311,tsiombe,-25.3,45.4833,71.74,68,72,6.35,MG,1695849497
312,dombarovskiy,50.7587,59.5386,57.94,53,100,5.28,RU,1695849497
313,toliara,-23.35,43.6667,72.45,84,56,1.77,MG,1695849498
314,volkhov,59.9258,32.3382,56.55,76,98,8.9,RU,1695849498
315,lensk,60.7253,114.9278,38.05,80,89,5.14,RU,1695849498
316,lebu,-37.6167,-73.65,53.71,81,100,7.74,CL,1695849446
317,mahdia,35.5047,11.0622,75.15,69,0,14.54,TN,1695849499
318,muravlenko,63.7898,74.523,41.9,87,100,15.03,RU,1695849499
319,santiago de cao,-7.9589,-79.2392,68.13,83,75,10.36,PE,1695849499
320,nyurba,63.2842,118.3319,42.55,67,100,7.05,RU,1695849499
321,chernyshevskiy,63.0128,112.4714,41.81,75,100,7.18,RU,1695849499
322,gampola,7.1643,80.5696,69.78,97,100,3.0,LK,1695849500
323,howard springs,-12.497,131.047,73.31,83,6,4.99,AU,1695849500
324,jiayuguan,39.8167,98.3,52.05,32,80,6.2,CN,1695849500
325,halabjah,35.1778,45.9861,75.69,22,0,5.84,IQ,1695849501
326,taman',45.2117,36.7161,71.01,50,1,21.74,RU,1695849501
327,kingston,17.997,-76.7936,87.21,92,75,5.75,JM,1695849501
328,tumpat,6.1978,102.171,75.18,94,20,2.3,MY,1695849501
329,fallon,39.4735,-118.7774,78.67,22,40,8.05,US,1695849501
330,idri,27.5,13.2667,76.84,22,0,13.24,LY,1695849502
331,levelland,33.5873,-102.378,91.96,23,3,11.56,US,1695849502
332,palikir - national government center,6.9248,158.1611,83.25,84,100,5.75,FM,1695849502
333,summerland,49.5998,-119.6691,57.38,59,75,8.05,CA,1695849502
334,luanda,-8.8368,13.2343,73.4,83,20,6.91,AO,1695849503
335,miura,35.14,139.6192,76.59,91,20,1.1,JP,1695849503
336,boende,-0.2167,20.8667,72.57,94,100,0.98,CD,1695849503
337,amga,60.8953,131.9608,37.47,86,87,3.09,RU,1695849503
338,mogocha,53.7333,119.7667,39.9,85,77,4.61,RU,1695849504
339,mikun',62.3547,50.0771,48.16,96,19,6.15,RU,1695849504
340,portland,45.5234,-122.6762,64.09,80,100,17.27,US,1695849279
341,opuwo,-18.0607,13.84,68.2,33,0,3.76,NA,1695849504
342,mezhdurechenskiy,59.6,65.9333,48.65,93,100,5.03,RU,1695849505
343,baker city,44.7749,-117.8344,64.11,40,0,0.0,US,1695849278
344,calca,-13.3333,-71.95,72.75,51,50,6.04,PE,1695849505
345,anjozorobe,-18.4,47.8667,54.25,95,52,7.16,MG,1695849506
346,shira,54.4911,89.9531,37.2,86,22,3.09,RU,1695849506
347,arraial do cabo,-22.9661,-42.0278,78.76,88,75,6.91,BR,1695849506
348,coxen hole,16.3244,-86.5366,83.48,89,75,9.22,HN,1695849506
349,okhotsk,59.3833,143.3,41.31,81,89,2.66,RU,1695849507
350,mancio lima,-7.6142,-72.8958,96.87,44,75,4.61,BR,1695849507
351,taupo,-38.6833,176.0833,51.69,74,61,10.67,NZ,1695849340
352,tympaki,35.0729,24.7685,70.77,86,14,1.99,GR,1695849507
353,pihani,27.6333,80.2,78.24,71,0,3.29,IN,1695849508
354,palmas,-10.2128,-48.3603,87.67,58,75,3.44,BR,1695849508
355,cabedelo,-6.9811,-34.8339,79.47,77,13,9.48,BR,1695849508
356,tabou,4.423,-7.3528,77.77,90,24,7.7,CI,1695849508
357,medicine hat,50.0501,-110.6683,70.23,27,75,6.91,CA,1695849499
358,revelstoke,50.9832,-118.2023,55.42,76,20,0.0,CA,1695849509
359,inhambane,-23.865,35.3833,73.13,95,92,8.99,MZ,1695849509
360,tofol,5.3248,163.0078,82.96,73,41,5.01,FM,1695849509
361,alofi,-19.0595,-169.9187,78.69,65,75,11.5,NU,1695849509
362,crane,31.3974,-102.3501,92.64,22,0,7.23,US,1695849510
363,khandyga,62.6667,135.6,41.9,79,100,5.01,RU,1695849510
364,rio branco,-9.9747,-67.81,97.41,44,40,2.3,BR,1695849510
365,manggar,-2.8833,108.2667,80.96,77,12,14.0,ID,1695849510
366,kota bharu,6.1333,102.2386,75.15,94,20,2.3,MY,1695849511
367,zilair,52.2332,57.4392,47.08,80,100,4.54,RU,1695849511
368,dumai,1.6833,101.45,72.97,85,38,3.29,ID,1695849511
369,guerrero negro,27.9769,-114.0611,76.66,56,48,14.97,MX,1695849299
370,longboat key,27.4125,-82.659,88.05,59,0,9.22,US,1695849511
371,strelka,58.0728,93.0344,38.89,94,49,3.09,RU,1695849512
372,lanzhou,36.0564,103.7922,57.83,89,100,1.54,CN,1695849512
373,ulaangom,49.9811,92.0667,38.41,44,0,4.59,MN,1695849512
374,sur,22.5667,59.5289,81.7,47,1,7.76,OM,1695849512
375,tubarjal,30.4999,38.216,81.86,19,5,4.36,SA,1695849512
376,dobresti,46.85,22.3,62.98,46,2,5.82,RO,1695849513
377,kupang,-10.1667,123.5833,73.58,74,10,4.92,ID,1695849513
378,saudarkrokur,65.7461,-19.6394,41.76,93,100,4.12,IS,1695849513
379,conde,-7.2597,-34.9075,78.26,73,20,6.91,BR,1695849502
380,mugia,43.1041,-9.2179,69.17,95,100,6.6,ES,1695849514
381,dryden,49.7833,-92.7503,62.89,77,100,14.97,CA,1695849514
382,an nuhud,12.7,28.4333,77.45,68,100,12.37,SD,1695849514
383,parham,17.0968,-61.7705,85.69,72,40,8.05,AG,1695849514
384,san carlos,9.6612,-68.5827,87.93,68,9,3.13,VE,1695849480
385,sao joao da barra,-21.6403,-41.0511,86.09,82,77,11.14,BR,1695849515
386,kotdwara,29.75,78.5333,73.89,83,0,4.52,IN,1695849515
387,nagqu,31.5,92.0,32.22,83,5,3.29,CN,1695849515
388,arak,34.0917,49.6892,59.68,36,4,2.04,IR,1695849515
389,ulan bator,47.9077,106.8832,35.73,87,75,4.47,MN,1695849516
390,oyama,36.3,139.8,78.58,78,75,0.74,JP,1695849516
391,antofagasta,-23.65,-70.4,61.75,74,15,9.84,CL,1695849246
392,kodinsk,58.6881,99.1844,43.02,82,92,1.5,RU,1695849516
393,katsuren-haebaru,26.3369,127.8719,83.17,89,20,8.05,JP,1695849517
394,perelyub,51.8667,50.3667,55.27,64,28,7.09,RU,1695849517
395,gorontalo,0.5412,123.0595,72.21,89,90,4.38,ID,1695849517
396,neiafu,-18.65,-173.9833,79.48,78,40,11.5,TO,1695849517
397,port shepstone,-30.7414,30.455,63.36,68,58,5.75,ZA,1695849517
398,tevriz,57.509,72.4042,44.51,62,100,2.06,RU,1695849518
399,santo domingo petapa,16.8181,-95.1403,89.46,49,43,12.66,MX,1695849518
400,plouzane,48.3833,-4.6167,60.85,82,40,10.36,FR,1695849518
401,trincomalee,8.5711,81.2335,80.71,75,100,20.4,LK,1695849518
402,svetlyy,54.675,20.1347,64.45,64,66,8.39,RU,1695849519
403,porbandar,21.6422,69.6093,80.24,73,82,6.11,IN,1695849519
404,ola,59.5833,151.2833,40.89,81,52,3.62,RU,1695849519
405,dawson creek,55.7666,-120.2362,58.64,44,20,12.66,CA,1695849519
406,chunskiy,56.0815,99.6342,39.65,82,100,1.5,RU,1695849520
407,kyaikkami,16.08,97.5675,76.44,95,100,6.62,MM,1695849520
408,umm kaddadah,13.6017,26.6876,82.33,51,91,8.55,SD,1695849520
409,ta`u,-14.2336,-169.5144,78.78,72,98,15.5,AS,1695849520
410,shalqar,47.8333,59.6,62.56,42,46,6.6,KZ,1695849520
411,monchegorsk,67.9397,32.8739,50.0,92,100,3.96,RU,1695849521
412,ceeldheer,3.8488,47.1806,78.33,89,14,13.65,SO,1695849521
413,rabo de peixe,37.8,-25.5833,72.91,94,75,11.5,PT,1695849521
414,cassilandia,-19.1133,-51.7342,96.91,22,92,11.1,BR,1695849521
415,ad dabbah,18.05,30.95,94.64,28,49,5.39,SD,1695849522
416,cockburn town,21.4612,-71.1419,84.11,76,16,14.56,TC,1695849371
417,vilyuchinsk,52.9306,158.4028,34.07,70,5,5.55,RU,1695849522
418,arno,60.1167,18.6333,58.78,90,39,9.91,SE,1695849522
419,daru,-9.0763,143.2092,76.44,85,100,16.91,PG,1695849522
420,beloyarskiy,63.7119,66.6722,46.99,99,97,4.0,RU,1695849523
421,kone,-21.0595,164.8658,68.47,61,3,4.92,NC,1695849523
422,kendari,-3.945,122.4989,68.59,88,22,3.83,ID,1695849523
423,baltiysk,54.6538,19.911,65.71,68,52,10.38,RU,1695849523
424,novo aripuana,-5.1206,-60.3797,100.31,23,75,2.01,BR,1695849523
425,buckie,57.6757,-2.9624,59.04,95,100,30.24,GB,1695849443
426,aykhal,66.0,111.5,28.76,92,26,11.77,RU,1695849524
427,puerto deseado,-47.7503,-65.8938,48.99,64,100,13.2,AR,1695849524
428,freetown,8.484,-13.2299,79.9,84,100,5.93,SL,1695849524
429,higuera de zaragoza,25.95,-109.2833,93.13,55,2,14.99,MX,1695849524
430,kavaratti,10.5669,72.642,82.36,77,99,15.57,IN,1695849525
431,la ronge,55.1001,-105.2842,73.62,30,20,9.22,CA,1695849525
432,otjimbingwe,-22.35,16.1333,70.02,14,0,3.33,NA,1695849525
433,n'dalatando,-9.2978,14.9116,70.7,72,3,7.14,AO,1695849525
434,del rio,29.3627,-100.8968,96.91,34,0,8.05,US,1695849502
435,koungou,-12.7336,45.2042,74.91,88,0,2.3,YT,1695849526
436,hamilton,39.1834,-84.5333,76.32,80,75,5.75,US,1695849383
437,poli,-3.3333,36.8,60.31,84,30,6.6,TZ,1695849526
438,kyzyl-suu,42.3414,78.0056,50.49,46,4,4.43,KG,1695849526
439,sinabang,2.4803,96.3801,78.66,84,100,6.08,ID,1695849527
440,shangyu,30.0156,120.8711,78.75,94,4,1.45,CN,1695849426
441,tual,-5.6667,132.75,78.26,82,92,19.62,ID,1695849527
442,buldana,20.5333,76.1833,73.69,85,100,2.42,IN,1695849527
443,kimbo,10.4,-13.55,70.48,92,100,1.77,GN,1695849528
444,parun,35.4207,70.9221,44.94,75,17,0.31,AF,1695849528
445,kimbe,-5.5502,150.1429,76.69,87,100,6.2,PG,1695849528
446,buldan,38.045,28.8306,63.99,72,90,3.85,TR,1695849528
447,turochak,52.2576,87.1224,35.82,92,66,2.73,RU,1695849529
448,timbuktu,16.7735,-3.0074,100.33,10,4,5.46,ML,1695849529
449,pyin oo lwin,22.0333,96.4667,68.09,89,81,3.87,MM,1695849529
450,pacific grove,36.6177,-121.9166,82.54,71,0,11.5,US,1695849529
451,sinfra,6.6167,-5.9167,73.11,98,16,3.02,CI,1695849530
452,okeho,8.0333,3.35,74.07,93,59,4.25,NG,1695849530
453,guapi,2.5708,-77.8854,82.51,81,88,8.03,CO,1695849530
454,esens,53.6487,7.6127,61.99,89,75,3.44,DE,1695849530
455,paradip garh,20.3167,86.6167,81.3,82,98,6.44,IN,1695849531
456,itoman,26.1247,127.6694,83.17,85,20,11.5,JP,1695849531
457,praia da vitoria,38.7333,-27.0667,75.45,83,40,16.53,PT,1695849531
458,sao felix do xingu,-6.6447,-51.995,93.87,35,61,2.26,BR,1695849532
459,hajnowka,52.7433,23.5812,64.02,86,0,1.01,PL,1695849532
460,kristiansund,63.1115,7.732,54.25,87,40,1.14,NO,1695849532
461,whangarei,-35.7317,174.3239,58.23,70,7,9.84,NZ,1695849532
462,christchurch,-43.5333,172.6333,49.41,92,75,11.5,NZ,1695849277
463,st. thomas,42.7736,-81.1804,68.49,55,100,13.22,CA,1695849305
464,iquitos,-3.7481,-73.2472,93.24,52,40,3.44,PE,1695849260
465,blackfoot,43.1905,-112.345,74.05,22,30,18.59,US,1695849244
466,bardai,11.65,7.2333,79.68,64,86,8.41,NG,1695849533
467,nur-sultan,51.1801,71.446,49.95,87,75,6.71,KZ,1695849534
468,kununurra,-15.7667,128.7333,78.78,61,66,4.61,AU,1695849534
469,fayzabad,37.1166,70.58,53.82,46,32,0.45,AF,1695849534
470,queenstown,-31.8976,26.8753,50.23,77,46,2.77,ZA,1695849312
471,adeje,28.1227,-16.726,74.5,72,20,13.8,ES,1695849535
472,south valley,35.0101,-106.6781,89.38,16,20,8.05,US,1695849535
473,greymouth,-42.4667,171.2,50.11,76,95,0.6,NZ,1695849535
474,ingeniero jacobacci,-41.3427,-69.5448,48.79,51,100,27.72,AR,1695849536
475,santa marta,11.2408,-74.199,88.9,73,9,4.0,CO,1695849258
476,ha'il,27.5219,41.6907,82.42,18,0,2.3,SA,1695849536
477,lydenburg,-25.0978,30.4597,51.49,94,61,2.39,ZA,1695849537
478,nadym,65.5333,72.5167,42.28,94,100,8.57,RU,1695849537
479,parthenay,46.6667,-0.4167,64.94,84,100,6.85,FR,1695849537
480,huaraz,-9.5333,-77.5333,63.03,61,97,5.64,PE,1695849381
481,ghatampur,26.1667,80.1667,81.7,60,53,5.84,IN,1695849538
482,miracema do tocantins,-9.5618,-48.3967,90.48,43,84,3.78,BR,1695849538
483,popesti,47.2333,22.4167,63.99,45,5,6.4,RO,1695849538
484,ulanhot,46.0833,122.0833,47.79,77,0,11.01,CN,1695849539
485,tirhanimine,35.2362,-3.9545,67.89,73,0,1.14,MA,1695849539
486,liwale,-9.7667,37.9333,67.03,86,2,4.32,TZ,1695849539
487,sinop,41.7711,34.8709,61.9,76,0,5.84,TR,1695849539
488,lautoka,-17.6167,177.4667,80.46,74,20,5.75,FJ,1695849539
489,santa cruz del sur,20.7147,-77.9956,88.2,65,71,8.32,CU,1695849540
490,barjala,23.6167,91.3667,78.75,86,42,1.14,IN,1695849540
491,zhezqazghan,47.7833,67.7667,58.53,60,35,7.94,KZ,1695849540
492,dzilam gonzalez,21.2833,-88.9333,87.01,62,91,8.34,MX,1695849540
493,dunedin,-45.8742,170.5036,49.8,74,100,10.0,NZ,1695849541
494,popondetta,-8.7537,148.2534,73.45,92,92,1.66,PG,1695849541
495,mili,6.0815,171.735,83.53,75,51,7.54,MH,1695849541
496,kudahuvadhoo,2.6708,72.8944,81.28,74,98,6.89,MV,1695849541
497,yaren,-0.5472,166.916,84.18,73,100,10.02,NR,1695849541
498,kiskunlachaza,47.1884,19.0093,71.04,40,10,7.09,HU,1695849542
499,fonseca,10.8861,-72.8487,93.27,46,14,7.72,CO,1695849542
500,newport,51.5877,-2.9984,61.68,88,60,28.52,GB,1695849460
501,essaouira,31.5125,-9.77,72.9,78,0,8.05,MA,1695849542
502,kalmunai,7.4167,81.8167,77.92,83,99,8.34,LK,1695849543
503,brandon,27.9378,-82.2859,88.88,79,75,8.05,US,1695849352
504,sasovo,54.3537,41.9199,49.86,77,14,2.91,RU,1695849543
505,stephenville,32.2207,-98.2023,94.93,27,0,4.61,US,1695849543
506,fisterra,42.9049,-9.2629,69.03,93,100,11.01,ES,1695849544
507,roma,43.2128,-75.4557,68.63,41,0,6.91,US,1695849544
508,bramming,55.4695,8.7001,62.92,94,75,11.5,DK,1695849544
509,baturaja,-4.1333,104.1667,69.66,75,4,2.84,ID,1695849544
510,guaruja,-23.9931,-46.2564,78.66,94,20,2.3,BR,1695849545
511,poso,-1.3959,120.7524,76.78,72,92,6.35,ID,1695849263
512,black forest,39.0131,-104.7008,78.98,21,0,17.27,US,1695849545
513,linxia chengguanzhen,35.6003,103.2064,52.7,95,100,1.9,CN,1695849545
514,al jahra',29.3375,47.6581,92.55,16,0,10.33,KW,1695849546
515,port lavaca,28.615,-96.6261,95.32,61,0,11.5,US,1695849546
516,woolgoolga,-30.1106,153.2007,67.87,80,92,10.13,AU,1695849546
517,sao jose da coroa grande,-8.8978,-35.1478,76.19,77,74,9.17,BR,1695849546
518,la junta,37.985,-103.5438,85.06,30,0,9.22,US,1695849299
519,buka,40.8108,69.1986,67.62,27,100,3.4,UZ,1695849547
520,manokwari,-0.8667,134.0833,77.9,79,100,4.29,ID,1695849547
521,kralendijk,12.15,-68.2667,89.58,62,0,12.66,BQ,1695849435
522,ad dilam,23.9915,47.1627,88.21,18,0,1.77,SA,1695849547
523,chinchilla,-26.75,150.6333,64.18,56,20,10.92,AU,1695849548
524,yanchep,-31.55,115.6833,66.61,74,61,2.08,AU,1695849548
525,baganga,7.5739,126.56,78.15,84,71,4.47,PH,1695849548
526,kenai,60.5544,-151.2583,50.14,49,0,5.75,US,1695849548
527,korla,41.7597,86.1469,62.24,39,3,8.21,CN,1695849548
528,xiva,41.3783,60.3639,57.18,39,0,8.79,UZ,1695849549
529,biysk,52.5364,85.2072,39.63,76,51,5.01,RU,1695849549
530,margate,51.3813,1.3862,66.87,78,67,7.0,GB,1695849469
531,bubaque,11.2833,-15.8333,83.03,80,7,9.31,GW,1695849549
532,antonio enes,-16.2325,39.9086,75.47,83,0,9.53,MZ,1695849550
533,pisco,-13.7,-76.2167,69.85,73,0,17.27,PE,1695849287
534,sokoni,-6.4333,39.55,77.27,82,1,12.39,TZ,1695849550
535,huarmey,-10.0681,-78.1522,69.82,77,70,11.77,PE,1695849550
536,oamaru,-45.0784,170.9801,47.37,91,99,5.06,NZ,1695849551
537,esmeralda,21.8525,-78.1169,86.72,69,100,10.2,CU,1695849551
538,muisne,0.6,-80.0333,77.61,80,89,11.59,EC,1695849551
539,whitby,54.4877,-0.615,64.31,82,96,5.99,GB,1695849551
540,lagoa,39.05,-27.9833,70.99,91,53,20.96,PT,1695849552
541,minab,27.1467,57.0801,84.06,50,4,1.63,IR,1695849552
542,turpan,42.9333,89.1667,67.05,31,2,4.32,CN,1695849552
543,saint-francois,46.4154,3.9054,62.04,82,0,2.3,FR,1695849552
544,batouri,4.4333,14.3667,70.02,95,67,0.4,CM,1695849553
545,narvik,68.4384,17.4272,53.38,98,100,3.38,NO,1695849553
546,pyu,18.4833,96.4333,75.79,99,100,3.76,MM,1695849553
547,port-vila,-17.7338,168.3219,76.6,65,40,10.36,VU,1695849553
548,bodaybo,57.8506,114.1933,45.61,92,100,1.81,RU,1695849553
549,poisy,45.9231,6.0644,61.11,82,0,4.61,FR,1695849554
550,padang,-0.9492,100.3543,71.65,89,52,3.69,ID,1695849554
551,daoukro,7.0591,-3.9631,74.14,97,35,2.51,CI,1695849554
552,namsos,64.4662,11.4957,53.65,87,100,4.61,NO,1695849554
553,sandnessjoen,66.0217,12.6316,52.32,93,75,11.5,NO,1695849555
554,mmabatho,-25.85,25.6333,53.56,37,0,6.91,ZA,1695849555
555,mthatha,-31.5889,28.7844,54.16,87,65,3.44,ZA,1695849555
556,tongliao,43.6125,122.2653,51.26,60,0,9.08,CN,1695849555
557,nishinoomote,30.7333,131.0,80.04,77,0,12.44,JP,1695849556
558,necochea,-38.5473,-58.7368,60.01,66,7,7.87,AR,1695849556
559,dhuusamarreeb,5.535,46.3861,79.32,70,80,18.59,SO,1695849556
560,homer,59.6425,-151.5483,51.67,54,0,5.75,US,1695849556
561,broome,42.2506,-75.833,70.18,57,0,4.61,US,1695849556
562,acajutla,13.5928,-89.8275,86.07,71,47,5.21,SV,1695849557
563,shchigry,51.8755,36.9043,58.82,66,4,6.98,RU,1695849557
564,san fernando,15.0286,120.6898,80.33,94,81,2.21,PH,1695849557
565,cho dok,10.7,105.1167,77.86,88,100,3.91,VN,1695849557
566,viborg,56.4532,9.402,60.8,95,95,7.29,DK,1695849558
567,brokopondo,4.75,-55.1667,91.38,51,83,3.36,SR,1695849558
568,scarborough,54.2797,-0.4044,64.65,85,96,8.01,GB,1695849259
569,as sulayyil,20.4607,45.5779,86.25,16,0,7.58,SA,1695849558
570,balakliya,49.4627,36.8595,62.35,53,0,9.44,UA,1695849558
571,upington,-28.4478,21.2561,59.38,29,0,4.61,ZA,1695849559
572,lionel town,17.8101,-77.2406,84.09,70,61,9.15,JM,1695849559
573,monrovia,6.3005,-10.7969,76.77,88,92,6.73,LR,1695849404
574,antalaha,-14.9003,50.2788,69.48,87,44,7.9,MG,1695849559
